 camera_param_map {
      intrisic_param: [450.23671544095004, 0, 370.23930065786624, 0, 449.8082961862865, 280.87274321739676, 0, 0, 1]
      distortion_param: [-0.363705588732058, 0.1426558241499728, 0.00010657317725579614, -0.0001255672512102289, -0.027292887856834407]
      focal_length: 2.8
      pixel_size: 0.00345
      horizontal_resolution: 720
      vertical_resolution: 540
      HFOV: 83.155
      VFOV: 67.276
  }
